2315286 4.1
2362570 4.558
2412559 5.016
2462958 5.473999999999999
2515637 5.9319999999999995
2571670 6.39
2627441 6.848
2687735 7.306
2750022 7.764
2819492 8.222000000000001
2885647 8.68
2954275 9.138000000000002
3031500 9.596
3110468 10.054000000000002
3192646 10.512
3280696 10.970000000000002
3371590 11.428
3468946 11.886000000000003
3566818 12.344000000000001
3672479 12.802000000000001
3784837 13.260000000000002
3903231 13.718000000000002
4024233 14.176000000000002
4161892 14.634000000000002
4298867 15.092000000000002
4443939 15.550000000000002
4600969 16.008000000000003
4765675 16.466
4941172 16.924000000000003
5125878 17.382000000000005
5320379 17.840000000000003
5532166 18.298000000000002
5747482 18.756000000000004
5986692 19.214000000000006
6232930 19.672000000000004
6491619 20.130000000000003
6768258 20.588
7059715 21.046
7360117 21.503999999999998
7679515 21.961999999999996
8007366 22.419999999999995
8350995 22.877999999999993
8664767 23.33599999999999
8902119 23.79399999999999
9062908 24.25199999999999
9142537 24.709999999999987
9146071 25.167999999999985
9066258 25.625999999999983
8910496 26.083999999999982
8679631 26.54199999999998
8366508 26.99999999999998
8027045 27.457999999999977
7695378 27.915999999999976
7376469 28.373999999999974
7070557 28.831999999999972
6782408 29.28999999999997
6506699 29.74799999999997
6242190 30.205999999999968
5996458 30.663999999999966
5761673 31.121999999999964
5539845 31.579999999999963
5329372 32.03799999999996
5131610 32.49599999999996
4949714 32.95399999999996
4771974 33.411999999999956
4610368 33.869999999999955
4451466 34.32799999999995
4305918 34.78599999999995
