10801 0.0
10907 0.5
11212 1.0
11473 1.5
11668 2.0
12335 2.5
12305 3.0
12479 3.5
12712 4.0
13148 4.5
13596 5.0
13763 5.5
14290 6.0
14550 6.5
14785 7.0
15448 7.5
15603 8.0
16335 8.5
16749 9.0
17331 9.5
17779 10.0
18206 10.5
18984 11.0
19449 11.5
20209 12.0
20986 12.5
21680 13.0
22631 13.5
23447 14.0
24357 14.5
25355 15.0
26121 15.5
27543 16.0
28466 16.5
29651 17.0
31090 17.5
32206 18.0
33866 18.5
35327 19.0
37419 19.5
39270 20.0
40678 20.5
42667 21.0
44473 21.5
46469 22.0
48447 22.5
49636 23.0
47469 23.5
45777 24.0
43926 24.5
42162 25.0
40141 25.5
38347 26.0
36780 26.5
35163 27.0
33179 27.5
31856 28.0
30620 28.5
29126 29.0
27789 29.5
27112 30.0
26001 30.5
24907 31.0
24024 31.5
22913 32.0
22170 32.5
21189 33.0
20661 33.5
19927 34.0
19299 34.5
