1157354 2.05
1210690 3.05
1268005 4.05
1330861 5.05
1399445 6.05
1475198 7.05
1560554 8.05
1651494 9.05
1757061 10.05
1871687 11.05
2003054 12.05
2152076 13.05
2316334 14.05
2506284 15.05
2718020 16.05
2962461 17.05
3235766 18.05
3547468 19.05
3888806 20.05
4259838 21.05
4655059 22.05
5062864 23.05
5464945 24.05
5855757 25.05
6219029 26.05
6551027 27.05
6848255 28.05
7114708 29.05
7347135 30.05
7554857 31.05
7736802 32.050000000000004
7896128 33.050000000000004
8036123 34.050000000000004
8163192 35.050000000000004
8276290 36.050000000000004
8376483 37.050000000000004
8467516 38.050000000000004
8549100 39.050000000000004
8621888 40.050000000000004
8687616 41.050000000000004
8749926 42.050000000000004
8805792 43.050000000000004
8857084 44.050000000000004
8905834 45.050000000000004
8949448 46.050000000000004
8988250 47.050000000000004
9025605 48.050000000000004
9061360 49.050000000000004
9093570 50.050000000000004
9123934 51.050000000000004
9154355 52.050000000000004
9181020 53.050000000000004
9204501 54.050000000000004
9227861 55.050000000000004
9250800 56.050000000000004
9272137 57.050000000000004
9291653 58.050000000000004
9312162 59.050000000000004
9330072 60.050000000000004
9345689 61.050000000000004
9361806 62.05
9378294 63.05
9391776 64.05
9406271 65.05
9420964 66.05
9434231 67.05
9445141 68.05
9456773 69.05
9468641 70.05
9478753 71.05
9490658 72.05
9500338 73.05
9508686 74.05
9518046 75.05
9527729 76.05
9535488 77.05
9545103 78.05
9553130 79.05
9559641 80.05
9566974 81.05
9575029 82.05

