1078210 0
1123781 1
1173931 2
1226525 3
1284296 4
1347663 5
1415837 6
1492550 7
1579011 8
1671711 9
1777987 10
1894172 11
2024670 12
2170510 13
2337897 14
2527642 15
2741501 16
2981819 17
3253214 18
3557784 19
3892127 20
4259101 21
4642616 22
5039588 23
5434209 24
5816606 25
6175964 26
6505836 27
6803611 28
7069893 29
7302803 30
7512510 31
7697335 32
7858437 33
8002229 34
8129407 35
8245817 36
8346210 37
8439183 38
8522638 39
8596953 40
8665929 41
8727751 42
8785453 43
8836779 44
8884586 45
8930907 46
8970814 47
9010339 48
9045068 49
9079545 50
9108916 51
9138026 52
9167264 53
9190761 54
9215680 55
9238374 56
9260994 57
9279220 58
9299018 59
9318982 60
9334317 61
9351363 62
9367258 63
9383821 64
9396447 65
9410266 66
9424576 67
9435021 68
9448082 69
9460489 70
9469929 71
9480569 72
9492187 73
9500421 74
9510356 75
9520333 76
9527682 77
9536023 78
9545324 79
9552352 80
